580
396
228
222
224
542
128
896
662
792
460
682
276
224
906
256
720
706
838
612
4
800
102
98
914
864
612
164
176
226
524
814
470
940
694
94
278
750
754
512
548
22
448
630
922
520
936
416
744
288
58
944
686
940
436
368
580
544
904
982
128
898
322
558
386
26
502
892
182
382
316
476
522
776
64
448
584
616
298
154
68
90
378
214
944
992
102
288
872
556
508
286
758
62
802
48
892
674
880
678
196
716
24
652
150
530
856
236
764
82
104
666
650
452
694
750
666
90
220
138
918
770
832
632
360
462
748
852
876
54
136
914
864
442
728
906
156
586
884
6
278
296
688
778
742
82
98
482
536
304
406
216
440
748
308
112
48
486
148
576
524
586
850
92
720
434
646
720
500
590
934
454
718
42
414
982
14
210
30
872
364
708
454
160
758
116
782
76
946
54
958
472
736
562
680
322
400
862
128
934
674
204
72
88
202
624
622
148
838
734
696
974
850
264
224
590
734
396
160
570
188
332
826
202
908
802
326
620
868
302
736
114
334
748
630
324
278
318
442
20
480
796
386
762
458
708
366
274
456
902
798
906
22
214
442
418
834
366
204
336
674
564
380
388
324
732
804
828
72
68
622
774
456
378
110
522
42
474
850
254
916
324
550
164
950
100
446
792
440
976
694
616
90
218
258
14
836
570
458
928
178
364
410
862
372
58
66
78
712
202
182
380
196
670
438
276
32
818
170
2
510
752
536
520
82
316
162
400
962
58
234
356
688
734
518
468
984
254
146
112
318
76
12
470
336
742
20
62
998
128
988
524
340
966
978
70
908
992
976
464
832
266
656
22
738
248
830
114
164
386
640
680
554
56
546
160
764
178
700
968
776
308
142
200
526
170
612
658
526
222
954
580
368
956
148
858
324
638
784
440
472
314
300
678
870
96
32
920
158
136
82
842
896
870
788
204
416
374
700
668
864
598
10
408
4
704
754
598
106
672
920
534
86
660
948
628
560
196
982
820
288
796
984
696
466
918
492
236
624
986
486
846
278
486
404
934
634
272
460
704
398
184
208
858
846
942
902
412
324
478
704
410
642
256
16
88
284
60
148
552
952
148
412
892
736
632
812
698
800
270
78
778
246
154
300
616
860
74
112
406
394
914
854
234
368
424
362
814
206
414
626
182
564
998
256
582
76
814
834
396
940
684
256
870
468
190
82
814
522
348
444
32
216
8
408
796
788
84
432
232
104
448
778
954
256
950
806
584
460
376
124
370
640
922
286
186
768
352
934
574
554
398
192
332
808
402
294
894
18
914
400
948
772
538
938
694
250
166
390
830
88
640
638
400
218
374
904
232
688
902
402
172
976
462
266
104
520
372
88
190
470
176
638
102
232
986
116
462
248
432
914
354
158
988
950
278
672
964
716
254
666
888
418
944
6
504
324
314
626
148
210
262
716
158
662
700
924
130
40
742
64
434
100
370
588
12
128
524
382
92
172
678
272
216
274
410
358
278
870
908
442
294
64
134
314
916
454
686
824
598
910
686
716
774
256
528
6
418
412
558
196
768
550
872
928
496
902
150
498
476
1000
716
496
900
274
826
724
912
800
780
224
184
620
710
676
214
926
276
636
428
946
314
402
178
700
334
486
16
314
276
986
772
554
50
892
160
956
412
618
52
462
242
924
464
490
276
530
816
924
782
746
626
628
944
822
970
42
658
626
632
438
728
748
702
602
236
396
842
152
678
124
454
782
972
262
840
364
566
1000
332
858
246
572
360
694
378
468
154
248
728
546
866
372
140
656
598
248
896
824
468
844
614
796
534
458
518
182
626
750
116
380
602
24
170
546
356
332
838
108
424
784
712
172
660
396
190
876
848
516
218
620
10
0
250
22
650
528
764
366
80
722
414
600
528
368
494
704
956
502
824
460
192
492
620
840
438
186
716
210
372
522
498
264
284
430
560
22
740
824
810
544
960
112
250
168
394
848
6
520
986
14
94
44
974
400
22
208
726
306
934
120
394
422
522
824
220
134
614
354
902
10
540
654
778
256
128
356
146
180
554
100
846
964
432
324
288
812
536
444
742
818
742
434
98
162
184
854
30
680
618
432
152
936
618
970
290
724
126
598
108
30
474
696
582
758
758
478
344
314
156
680
872
794
518
320
398
546
980
850
652
406
902
624
64
834
280
342
386
838
252
966
52
84
924
752
222
498
884
550
168
562
408
856
698
924
834
488
280
148
170
24
648
956
200
424
286
450
72
356
268
622
628
788
182
632
486
576
718
658
894
678
968
308
640
174
342
814
162
596
166
458
370
132
468
344
90
998
128
966
862
930
332
740
146
244
106
592
722
730
696
706
710
710
884
248
962
216
586
478
976
686
788
934
944
726
126
936
304
326
680
262
526
902
922
596
232
206
276
574
140
310
522
622
496
900
668
242
54
476
322
566
28
864
322
50
168
416
704
326
578
484
874
526
562
32
202
206
246
384
94
766
784
286
60
146
894
580
118
12
832
86
38
8
790
38
200
948
548
258
412
988
626
248
880
520
90
178
360
668
156
172
414
568
286
386
146
560
300
192
730
920
186
574
236
376
838
206
662
364
226
414
966
642
492
78
728
974
972
198
788
814
84
116
254
232
466
926
412
944
120
280
132
654
416
356
52
316
268
150
210
34
338
282
718
490
938
520
740
530
194
854
460
448
10
622
792
732
554
600
342
510
184
470
400
264
96
806
518
700
728
424
992
878
884
336
414
174
678
458
876
978
442
810
284
302
80
948
462
38
978
990
532
754
534
250
200
732
440
480
620
204
532
974
938
138
212
958
322
568
104
678
944
746
944
402
334
734
14
30
30
950
332
878
490
836
818
230
530
162
640
702
838
348
28
370
808
270
516
962
370
538
92
388
340
196
88
314
386
442
26
418
782
44
460
328
968
810
230
776
512
32
268
876
538
726
602
312
792
180
172
740
442
922
104
30
264
582
404
602
668
74
516
492
804
338
658
506
962
58
780
570
808
724
426
160
502
726
996
738
734
34
846
226
106
734
944
436
814
740
892
308
874
148
658
544
172
774
766
974
616
834
336
272
750
746
824
842
436
214
198
262
414
640
88
214
894
478
580
358
40
520
996
0
276
736
616
970
270
862
880
912
460
534
150
816
858
888
792
872
196
534
230
934
8
744
782
660
682
230
864
64
76
448
986
110
692
550
836
172
378
230
62
974
820
260
968
338
990
330
28
698
94
752
630
184
712
860
316
290
566
434
598
450
28
560
98
862
544
822
304
658
788
874
920
800
682
166
316
328
200
792
494
962
248
278
504
54
178
528
920
330
150
106
240
474
732
752
702
428
474
370
306
530
514
784
478
170
290
594
812
586
246
390
366
510
934
536
244
512
442
686
794
786
240
44
552
990
488
896
162
98
602
752
956
562
472
374
348
992
502
728
726
418
550
184
424
978
462
360
896
896
164
940
562
10
168
546
442
742
992
632
140
160
248
616
330
594
924
612
0
504
662
632
780
956
732
606
504
338
14
568
232
554
800
334
936
498
266
98
536
616
366
90
258
282
846
636
332
562
718
258
508
908
590
274
354
320
514
710
592
922
636
94
66
594
654
248
624
862
520
326
338
256
134
890
586
616
152
456
590
916
522
378
886
352
498
870
494
396
136
984
512
686
698
930
4
186
936
708
548
932
590
472
936
974
104
282
620
998
302
432
538
48
670
568
246
466
956
990
158
562
708
946
778
690
948
724
588
664
542
492
138
678
908
982
940
808
894
100
218
394
282
632
126
274
352
790
264
474
136
290
448
240
620
0
702
238
760
274
424
906
676
896
360
900
656
368
482
472
830
136
390
264
630
332
460
84
176
604
30
740
46
94
884
224
700
860
508
854
370
870
286
422
446
786
40
324
218
276
608
272
46
2
632
270
350
952
604
66
628
250
286
880
906
880
864
846
108
400
602
952
562
974
332
708
618
630
6
70
474
418
332
494
292
460
76
354
392
0
542
764
814
668
668
362
670
522
746
942
508
624
568
886
168
746
282
136
640
754
414
442
1000
594
874
194
320
910
628
630
812
760
524
950
330
820
142
258
424
246
824
296
602
648
858
606
126
542
834
478
244
100
256
224
114
838
568
260
236
50
244
34
618
572
736
900
0
696
532
974
642
746
644
910
384
798
96
946
584
374
820
220
810
618
272
584
886
894
544
784
558
908
724
402
630
946
458
640
482
938
226
770
734
562
180
280
48
890
496
616
494
668
302
372
664
302
150
538
346
908
814
106
994
790
312
724
236
370
488
298
322
594
220
926
24
60
244
52
790
400
106
314
20
446
780
524
896
944
340
68
354
892
354
128
650
984
764
592
652
760
490
396
476
836
950
142
286
218
704
760
742
934
542
446
138
662
2
292
558
588
776
630
184
22
770
872
58
172
618
268
838
1000
636
834
586
952
12
162
800
774
740
848
826
680
122
848
698
290
256
202
770
104
320
46
560
244
130
116
732
334
848
778
994
638
100
768
888
510
118
914
658
964
360
504
442
518
306
914
74
540
136
350
556
192
40
824
896
384
910
292
106
432
302
598
914
22
144
690
158
658
48
986
712
576
814
206
422
802
814
516
258
200
878
164
782
954
284
786
228
946
322
688
730
896
222
396
148
360
890
758
430
512
310
190
398
996
820
264
778
278
660
636
342
46
982
434
20
258
696
430
464
780
938
308
308
82
678
412
236
716
884
924
840
12
524
546
426
846
882
570
708
54
194
522
178
56
486
522
240
734
628
378
220
878
202
988
552
786
384
472
926
176
704
396
942
416
148
190
784
28
720
32
194
830
420
520
560
420
96
328
330
78
370
820
866
546
954
192
438
858
694
422
504
304
278
294
780
506
474
770
716
504
908
84
926
538
170
688
264
840
216
820
644
516
828
904
292
184
408
64
750
848
668
140
150
960
300
688
842
104
102
540
886
946
990
144
514
420
412
816
876
348
724
704
264
864
726
284
396
704
854
208
250
780
12
158
596
744
330
138
950
590
478
422
356
194
750
16
822
786
834
242
90
480
790
452
576
250
502
518
486
996
930
238
626
642
630
982
318
484
84
736
958
962
884
382
716
850
164
388
6
352
724
390
732
382
518
680
474
430
570
86
574
388
228
478
286
168
318
684
302
502
306
126
178
698
292
698
806
300
948
10
846
522
34
48
898
286
222
922
66
164
236
816
954
696
54
836
732
226
282
322
328
402
218
390
848
720
128
306
50
822
70
376
852
726
184
878
380
30
52
434
794
618
386
76
148
516
20
198
290
678
786
16
728
762
268
156
900
498
354
834
536
676
208
160
318
724
682
36
80
792
536
200
48
984
70
132
596
42
612
814
966
934
934
588
624
812
570
376
454
16
722
78
412
300
188
70
908
334
694
430
630
834
336
694
268
980
352
964
500
724
70
500
262
432
818
244
248
402
374
24
638
170
230
384
702
684
94
842
158
476
8
652
994
922
564
916
294
238
176
234
198
350
322
312
936
736
464
580
886
68
652
544
748
274
264
828
896
466
650
634
788
552
492
670
760
210
492
140
184
128
126
410
990
456
94
968
216
704
634
582
112
274
976
508
598
230
688
902
40
678
876
86
24
80
166
160
412
272
850
90
522
910
240
798
726
236
258
0
470
478
936
50
812
716
338
772
860
134
398
770
498
278
230
112
364
26
634
60
206
648
36
466
324
494
724
656
174
68
910
156
518
734
584
520
978
540
682
706
740
714
432
