853
299
803
580
231
396
228
223
435
222
823
859
224
9
542
128
896
662
131
105
792
460
682
276
224
906
223
615
256
917
720
706
838
615
535
612
23
4
800
102
417
543
479
98
835
893
55
107
545
989
695
914
864
612
164
261
575
176
226
61
524
814
470
940
694
169
97
329
967
94
369
278
537
750
917
754
512
548
743
22
929
71
883
448
630
922
773
569
520
353
936
605
416
744
305
123
663
893
288
485
467
377
217
677
607
889
58
465
944
903
789
177
686
940
823
389
963
436
368
580
697
544
847
904
797
982
711
128
898
322
81
617
558
386
26
275
502
892
97
451
182
561
527
382
316
476
481
809
522
885
165
351
481
776
64
448
584
616
298
154
793
68
90
378
214
944
992
925
411
745
365
801
102
987
288
653
305
357
872
556
508
286
345
893
909
758
62
685
802
48
23
892
674
613
211
880
678
196
555
716
153
24
652
815
943
150
147
530
877
649
856
591
236
764
803
381
927
82
7
104
666
765
385
650
731
452
401
694
281
497
750
666
90
220
415
237
65
863
757
138
723
813
918
405
497
339
770
757
649
832
632
283
337
360
753
283
462
321
37
833
748
163
852
876
54
136
561
914
601
864
969
957
442
728
906
323
393
387
156
433
586
884
6
278
465
1
71
296
688
778
723
119
742
82
98
482
536
617
713
555
747
633
304
406
875
216
277
440
748
308
112
983
48
899
486
148
576
985
371
524
586
859
649
971
850
885
125
365
29
259
565
92
720
533
323
434
597
646
255
720
71
719
135
577
259
500
590
261
934
651
53
454
851
718
42
414
937
53
982
965
931
14
689
67
9
921
210
30
872
364
157
511
708
454
160
758
116
269
782
365
76
946
54
431
417
958
317
783
472
736
562
181
680
125
322
209
465
143
400
862
128
505
575
934
305
565
674
204
72
88
417
202
624
622
861
189
673
148
838
297
263
734
403
129
696
974
850
761
264
403
429
224
590
465
113
734
396
891
951
239
160
161
570
667
125
188
321
197
491
839
332
649
197
349
559
826
303
202
103
447
167
908
465
531
367
157
802
326
227
620
868
987
302
736
114
417
25
875
317
334
583
748
201
630
324
483
871
278
318
27
442
20
480
796
251
386
762
458
708
307
605
366
903
139
274
769
456
885
139
35
307
902
823
419
798
906
741
513
689
969
79
129
421
22
21
214
449
442
418
741
834
13
21
227
789
366
345
197
204
123
935
261
336
674
979
564
380
388
324
732
277
804
828
72
68
622
705
469
553
774
789
456
891
523
378
110
522
97
357
527
42
741
474
3
850
511
254
916
7
269
347
877
324
550
385
905
397
387
737
164
950
100
343
407
446
792
541
440
397
976
694
137
616
287
633
229
365
163
90
3
218
137
587
57
258
653
14
107
573
989
227
965
331
836
161
457
570
181
125
458
928
178
545
409
364
357
123
410
81
862
923
372
87
58
743
625
66
78
445
615
717
712
73
202
182
59
615
89
380
387
863
633
196
670
438
577
629
276
32
495
509
575
818
170
2
715
510
752
535
536
520
537
127
959
421
82
316
797
255
705
7
931
881
157
162
400
837
962
243
58
234
417
356
121
688
734
518
468
63
715
984
573
254
881
909
146
721
973
997
112
318
76
12
365
367
470
921
336
783
742
301
20
9
837
507
637
62
919
671
998
623
128
51
988
895
524
340
123
966
381
978
70
908
933
992
976
497
464
943
387
443
832
266
656
22
31
389
759
523
738
247
248
830
711
114
164
386
640
459
3
680
554
363
56
277
546
383
160
764
675
178
911
700
347
259
968
776
308
153
142
859
200
195
427
526
170
612
661
465
301
733
658
461
895
526
315
222
47
703
954
580
123
368
53
499
956
148
858
833
65
324
638
784
621
440
521
472
553
314
809
300
678
935
870
917
96
231
45
32
920
158
136
941
82
845
277
842
607
896
93
363
870
217
479
788
204
327
416
29
374
337
855
853
513
700
668
975
864
598
449
591
57
349
347
10
408
443
717
869
95
4
704
754
598
106
595
373
857
672
920
534
239
86
660
381
948
628
560
211
587
797
196
982
3
820
153
288
565
547
817
796
984
696
243
466
209
918
492
507
67
995
236
563
624
986
486
763
846
278
486
404
747
581
934
437
593
634
272
171
393
460
704
398
91
184
208
353
95
877
685
858
846
285
942
902
603
412
324
478
489
704
833
410
642
31
713
171
256
16
88
701
73
284
771
229
349
211
60
148
317
552
952
148
723
412
892
155
736
799
632
345
601
812
698
800
270
281
727
78
778
795
671
246
154
300
616
571
860
74
112
311
406
394
914
854
743
359
935
234
368
424
455
85
362
509
814
53
739
206
414
626
182
743
564
609
949
998
256
153
582
685
793
76
295
814
263
383
834
183
396
691
940
669
339
684
691
256
65
737
55
649
870
468
190
595
82
907
814
522
325
979
348
329
444
377
32
445
717
233
919
216
219
727
8
875
783
597
408
193
796
788
611
93
9
813
897
84
691
655
432
101
232
295
333
104
448
529
778
954
919
73
723
256
950
806
584
521
17
460
79
376
477
935
124
907
661
370
439
213
471
223
655
640
233
681
71
585
879
922
286
186
768
352
629
934
617
315
574
554
173
398
192
719
332
211
808
269
402
813
125
237
949
45
899
215
294
894
18
914
997
400
437
948
915
772
538
938
295
153
694
250
166
593
390
830
88
857
303
640
638
400
209
705
218
433
253
374
347
904
979
232
688
902
402
325
993
172
779
931
413
976
471
462
266
104
520
465
985
372
763
88
190
805
470
176
638
529
133
465
102
232
975
53
815
986
15
429
116
462
93
248
432
914
354
717
158
988
950
278
672
964
716
254
669
666
888
418
944
6
504
324
314
626
148
210
262
716
159
615
158
265
291
153
662
700
131
383
924
221
317
709
475
841
130
40
742
533
879
64
434
523
100
370
399
277
585
133
287
588
61
12
381
69
669
159
128
519
524
382
503
92
99
172
55
678
272
216
633
274
561
993
435
331
843
441
410
673
358
315
278
870
908
27
177
705
27
997
442
717
877
279
785
294
64
619
134
673
314
916
617
319
823
454
686
929
381
824
598
910
686
873
716
774
657
523
909
256
528
413
165
6
785
913
165
418
467
783
477
412
558
429
196
815
553
555
768
550
872
928
496
902
763
150
1
815
969
498
476
683
453
9
561
1000
813
716
496
629
900
415
449
401
274
826
724
239
301
547
912
800
780
227
261
631
224
184
671
749
620
710
445
641
493
676
321
214
926
276
605
636
428
279
946
929
611
314
879
402
717
178
700
334
981
486
16
383
314
276
986
323
123
772
379
554
257
50
892
119
160
956
412
618
761
753
329
383
349
983
583
52
107
237
462
242
924
464
917
490
276
530
73
151
601
947
795
816
924
749
5
355
782
746
626
628
157
944
822
970
42
658
609
626
229
301
632
467
438
369
728
748
69
702
602
859
236
689
396
842
251
152
441
813
991
678
124
454
782
972
213
262
835
285
99
840
364
527
487
687
329
566
1000
875
785
332
539
35
609
858
246
31
213
572
679
59
493
360
887
671
694
378
189
468
829
154
851
53
248
728
546
866
372
789
140
656
598
425
443
248
907
665
141
896
139
824
468
844
167
614
796
989
901
534
187
69
205
458
518
469
567
415
59
182
229
626
750
116
735
551
380
602
24
170
546
991
469
729
745
653
356
627
663
332
838
108
424
329
583
784
712
172
97
509
660
396
190
189
876
848
516
218
455
997
620
955
10
49
569
0
250
803
22
895
367
839
650
528
764
547
366
795
737
80
722
83
985
895
414
600
528
368
494
704
956
245
969
502
175
824
301
460
192
492
620
840
438
186
229
501
959
35
716
210
372
522
465
23
669
498
787
809
264
155
284
639
430
560
481
673
22
740
824
25
810
573
973
745
979
544
57
469
701
859
960
691
112
250
168
327
394
937
351
848
31
51
6
527
520
986
14
53
94
44
974
400
781
22
869
993
208
939
469
491
387
726
721
306
801
934
120
471
937
394
805
422
619
9
522
824
51
893
220
77
957
134
883
614
215
377
354
225
941
683
979
583
943
902
10
305
921
540
559
654
778
256
45
853
143
128
356
146
180
357
554
100
627
846
964
432
324
337
288
812
223
536
185
444
143
953
109
707
742
818
197
795
742
251
929
434
679
755
98
249
162
491
149
184
41
854
30
680
83
618
432
7
152
331
936
618
970
579
983
249
79
290
147
724
423
699
1
223
761
227
253
519
903
763
971
126
598
108
30
891
474
696
582
963
758
758
478
344
314
156
680
871
872
794
518
879
320
541
753
398
343
546
980
850
652
406
695
902
624
64
834
280
342
386
838
489
153
641
505
252
966
481
52
84
313
391
924
752
222
498
997
884
343
685
550
277
168
61
773
562
131
408
856
639
231
863
698
924
455
685
834
339
469
411
923
411
488
280
195
148
170
51
229
24
825
129
648
689
956
200
377
424
567
286
450
83
959
72
356
268
622
379
628
788
182
925
632
486
107
3
576
718
263
658
894
678
968
71
85
875
279
531
308
149
640
174
342
51
814
162
596
593
879
623
166
319
458
913
370
689
132
967
711
468
344
90
998
785
128
966
862
930
332
740
637
895
593
397
146
225
244
106
592
722
730
119
696
225
89
413
706
201
710
710
884
925
248
605
495
21
962
216
907
586
478
917
437
976
627
686
788
934
944
726
126
313
936
413
827
304
331
326
225
680
262
103
526
902
289
959
922
833
596
232
301
206
276
303
275
574
381
911
140
310
659
343
522
91
483
622
469
496
900
668
669
507
242
467
973
54
476
625
201
291
322
127
579
566
28
864
322
537
50
168
885
416
704
326
333
157
35
578
484
874
526
741
562
32
202
206
246
903
817
384
94
766
784
37
103
197
269
286
60
113
146
894
580
118
271
711
12
832
86
38
8
790
38
93
200
948
548
227
169
258
412
525
401
927
988
243
467
626
248
880
711
243
520
473
505
207
521
90
178
963
360
173
668
705
156
172
414
711
349
568
286
89
267
386
146
560
300
192
730
920
29
405
461
186
574
257
236
997
175
376
838
233
206
662
364
226
414
966
642
492
78
728
489
63
974
851
972
198
788
814
675
519
59
227
119
84
116
254
232
466
253
797
926
777
412
944
120
229
280
55
132
654
416
356
52
733
321
316
268
81
150
413
210
311
34
543
338
151
789
282
705
793
718
863
490
475
938
520
740
265
530
194
949
261
39
959
331
854
489
460
448
939
10
622
792
732
554
600
342
671
510
184
470
901
400
264
96
806
897
853
799
185
517
518
700
509
728
424
761
992
391
878
884
336
414
174
615
678
458
876
449
987
978
442
803
779
75
810
284
302
80
215
948
462
38
978
990
907
283
799
215
309
139
277
747
532
371
659
201
129
935
754
483
534
250
907
651
275
200
665
5
11
732
319
145
257
440
480
620
204
235
489
532
109
974
938
138
212
61
71
139
958
322
568
61
104
678
944
687
746
944
185
871
402
334
193
734
795
14
30
30
595
375
950
377
189
835
332
181
878
490
927
837
836
693
818
230
530
101
162
811
640
139
63
559
911
702
838
241
789
589
943
561
763
348
28
370
15
808
87
963
270
783
516
357
181
962
905
370
367
689
538
92
388
340
196
88
314
415
973
531
571
837
386
429
442
26
418
57
782
44
975
885
460
328
893
721
968
391
533
810
230
37
905
569
776
512
32
641
181
699
268
547
503
876
379
538
726
171
137
719
602
312
607
792
180
717
631
527
575
172
595
740
442
835
527
922
551
521
104
179
333
30
264
789
535
582
404
273
269
857
977
631
602
668
74
819
539
511
516
492
804
235
338
658
787
495
506
859
962
705
273
683
831
289
707
827
58
961
495
780
570
808
199
905
724
426
557
160
502
61
726
549
631
996
821
738
734
265
34
705
846
793
226
106
123
599
734
647
377
851
944
369
436
814
740
892
308
874
148
658
681
605
544
172
675
774
766
974
616
834
95
519
336
671
691
272
267
965
77
183
691
750
389
549
455
746
824
611
842
436
214
198
897
262
414
640
919
88
865
214
125
894
478
580
358
40
520
309
996
0
276
736
616
77
377
970
270
717
537
431
862
813
717
880
109
912
460
534
150
931
816
858
593
888
617
792
435
373
872
196
167
873
534
453
539
227
230
63
934
8
744
782
31
660
5
141
682
230
864
303
64
49
76
487
761
787
448
986
110
692
193
550
836
67
172
378
573
827
230
603
605
62
641
974
53
761
820
260
459
968
719
338
603
937
990
330
28
431
698
379
94
721
752
887
541
737
757
630
133
184
265
712
860
316
290
566
549
434
717
598
343
925
450
847
28
560
98
967
327
373
265
862
544
401
822
515
304
947
658
851
788
631
874
959
435
561
920
157
55
911
677
45
591
800
682
853
166
133
347
316
328
200
31
792
67
855
494
691
607
673
962
248
187
278
504
54
178
528
65
825
920
330
35
150
93
106
539
341
240
317
474
732
671
752
702
428
965
474
285
370
921
671
306
441
530
514
105
867
225
784
478
331
170
290
594
673
812
586
79
246
390
366
231
510
125
727
995
934
536
244
697
21
537
503
347
512
927
767
101
723
442
825
259
465
39
675
911
291
686
143
229
81
794
185
786
63
240
741
75
231
44
403
179
341
99
745
927
552
990
773
523
415
488
333
896
319
233
162
225
98
602
752
956
23
562
19
251
889
472
374
348
992
502
505
728
235
726
181
575
589
493
418
743
429
65
129
550
423
253
785
184
424
753
473
978
462
283
360
867
875
171
896
817
73
109
896
979
431
705
877
164
905
635
940
562
10
863
168
89
546
442
713
575
599
925
477
742
189
992
632
539
45
61
699
87
415
140
341
160
248
616
330
57
591
594
924
177
163
612
0
504
662
632
780
795
956
75
701
945
732
606
504
338
14
568
232
333
291
554
800
461
629
627
334
936
498
315
269
266
98
536
616
93
23
366
921
90
91
867
258
282
846
875
636
743
173
332
647
675
23
351
67
263
562
718
299
285
258
199
508
287
908
590
274
633
483
495
354
320
514
841
525
710
879
953
159
592
922
123
636
357
217
599
293
94
66
793
594
879
654
323
157
248
624
481
405
551
393
862
921
520
326
338
256
134
193
179
890
586
616
152
456
590
527
955
916
522
419
378
761
886
857
352
498
870
745
653
494
396
136
459
984
653
512
686
305
698
930
4
186
936
708
561
745
173
779
548
961
1
932
590
472
936
747
343
243
367
974
104
282
620
998
302
432
538
48
255
161
821
670
595
568
11
7
465
995
246
719
466
956
737
990
647
158
562
708
946
778
690
115
95
948
724
588
664
542
933
831
492
138
881
678
908
637
797
653
407
581
982
571
940
279
808
705
485
305
894
100
503
218
394
282
632
126
103
693
274
185
63
352
223
790
519
727
264
474
136
290
743
448
240
529
620
793
0
673
333
702
995
238
760
274
424
241
285
389
109
906
499
421
209
676
896
655
360
821
559
109
817
587
203
900
656
368
482
472
830
136
390
933
264
630
332
461
847
460
84
176
887
604
30
740
46
63
659
623
94
495
884
224
69
700
860
261
495
753
508
854
957
370
37
870
27
286
85
422
173
446
691
786
40
324
531
547
218
276
608
245
79
847
733
397
419
633
272
46
959
903
595
2
632
111
270
647
901
203
350
77
952
101
103
607
604
327
647
66
628
250
705
875
845
103
286
880
575
701
321
906
355
259
880
864
937
846
907
108
400
67
602
952
562
974
399
332
247
721
147
793
681
275
711
327
708
333
209
618
985
963
630
6
70
597
815
801
509
474
418
332
417
369
561
617
494
292
317
460
541
76
637
354
392
0
955
801
542
429
764
814
41
668
668
362
811
185
670
522
746
942
508
801
624
568
781
886
168
765
746
282
913
136
640
5
754
727
269
414
885
671
442
85
651
1000
594
874
717
194
320
910
885
185
628
713
967
630
812
645
760
981
871
209
524
950
330
149
820
915
142
63
649
258
355
424
133
361
246
731
824
296
602
207
648
858
959
567
423
727
606
267
13
126
542
119
834
478
244
31
100
115
256
224
114
899
838
285
568
260
236
50
244
571
277
34
121
618
915
572
736
711
900
0
163
696
159
532
531
83
573
607
249
974
642
746
273
644
151
85
703
910
384
798
465
96
177
946
235
584
117
13
365
374
820
220
223
810
618
229
93
272
201
584
886
655
849
601
3
894
509
597
544
784
147
183
55
283
427
558
908
724
759
777
402
153
630
139
899
465
63
583
946
458
709
640
482
493
693
938
226
770
293
229
734
911
623
562
180
280
48
63
951
890
491
496
616
494
565
447
668
995
271
302
73
372
581
664
302
150
813
81
545
291
538
346
908
814
106
279
994
607
135
790
285
312
159
724
23
949
149
237
236
847
905
370
488
583
298
322
347
594
813
220
447
535
809
926
867
21
815
24
991
60
244
449
875
52
790
400
106
314
20
446
780
591
524
157
896
944
113
340
723
68
195
354
892
354
128
825
473
771
865
650
999
403
437
519
984
764
313
592
652
601
541
689
331
760
837
490
701
391
773
651
396
251
37
476
836
950
142
885
591
286
267
43
218
704
760
742
323
934
542
446
138
181
509
89
801
149
717
607
662
465
927
21
763
179
2
292
558
588
329
51
776
630
184
22
121
770
769
872
821
999
58
172
375
151
618
123
915
515
268
973
721
838
859
409
1000
597
636
834
586
809
849
952
63
741
403
417
12
162
797
297
800
925
493
501
774
421
740
143
848
863
826
680
122
37
848
698
207
991
290
256
202
770
104
320
46
125
251
560
244
130
337
116
799
732
334
977
848
778
989
994
638
893
100
243
611
259
768
13
888
510
807
639
559
621
883
118
914
658
964
891
753
995
961
360
504
111
442
518
211
299
67
306
914
74
309
540
925
611
601
673
63
23
136
350
441
556
283
192
985
40
11
824
103
896
384
261
910
292
465
669
106
735
73
432
302
463
57
115
598
509
843
914
22
389
859
551
15
815
144
631
690
751
819
329
725
158
658
48
986
763
349
712
576
555
205
814
705
65
343
105
513
206
27
422
802
779
813
814
783
516
258
200
263
878
429
15
547
164
782
954
284
786
228
946
567
725
322
688
730
896
13
222
245
396
148
41
360
890
758
430
512
137
310
771
963
365
190
398
996
535
755
820
264
778
851
278
660
71
636
465
342
403
891
46
982
781
434
20
258
696
847
430
523
205
929
607
464
543
527
955
780
917
143
847
938
308
533
677
823
308
701
133
82
678
412
236
923
53
716
611
884
924
840
519
489
12
524
189
546
365
827
989
479
426
821
846
15
127
61
721
173
561
165
547
882
570
331
708
54
194
522
985
178
56
486
522
291
263
240
579
734
619
628
378
711
109
189
723
220
579
949
841
899
878
441
623
202
571
333
763
988
285
843
99
135
552
509
481
699
786
384
465
443
472
926
957
176
65
704
401
396
905
942
416
815
148
190
473
25
784
137
187
28
85
720
32
194
481
297
830
787
420
520
625
560
519
175
237
420
96
328
330
715
447
753
365
105
78
370
820
219
866
546
954
935
192
325
438
858
694
422
504
255
304
105
278
294
475
780
939
331
506
474
770
141
369
325
716
504
908
84
926
937
538
279
170
357
688
264
840
216
820
644
516
29
828
247
469
904
292
55
849
973
184
245
729
463
677
408
223
64
85
750
848
668
140
45
150
967
960
525
367
300
688
27
109
842
943
104
891
102
629
993
871
369
221
540
886
481
946
749
805
990
144
245
514
420
507
743
412
816
933
861
397
876
348
197
724
704
669
229
264
497
864
331
793
726
284
396
899
704
854
899
187
271
865
208
541
250
451
780
817
375
867
309
15
12
158
596
789
744
263
871
330
138
950
590
478
422
356
194
750
911
251
16
822
786
159
783
834
437
242
90
480
413
31
513
790
452
821
576
493
250
502
219
453
518
131
486
151
996
930
238
626
642
630
982
318
484
84
736
33
109
703
958
962
884
165
871
341
999
591
983
593
382
716
850
164
893
388
6
495
352
724
745
390
117
321
732
11
382
518
261
271
655
680
521
317
474
430
570
86
545
574
388
505
228
478
867
65
286
607
168
318
205
389
389
267
97
381
684
327
302
502
701
306
129
61
485
126
178
698
292
698
665
806
747
300
948
10
319
846
522
34
48
625
737
898
286
59
222
269
922
307
581
66
164
605
355
236
816
291
149
547
954
961
696
361
23
54
773
836
867
732
226
282
587
875
322
297
328
402
218
390
848
145
777
513
687
623
45
720
567
128
559
306
285
50
822
70
376
852
785
726
265
184
878
380
30
52
815
679
434
794
69
115
507
191
618
495
386
275
135
539
76
148
516
20
198
121
290
678
786
16
728
899
762
827
268
19
939
145
553
156
573
900
498
354
637
517
911
689
431
919
834
536
676
208
160
465
529
623
853
959
318
55
107
763
724
682
803
133
36
489
481
339
425
80
792
369
536
643
347
200
329
137
48
984
70
209
629
391
132
395
793
991
596
147
193
723
553
23
42
361
193
465
612
814
121
966
259
934
934
29
588
624
812
635
361
570
863
376
454
297
16
722
491
78
751
412
300
188
667
159
387
939
70
841
908
767
73
334
947
557
571
459
513
9
243
959
694
625
430
630
834
336
387
694
268
980
352
964
500
697
724
895
879
70
297
133
959
500
262
432
67
818
757
244
301
248
181
402
374
24
638
405
701
743
170
230
384
702
684
741
94
842
713
171
31
897
158
476
8
652
475
189
994
719
865
845
715
499
922
564
345
337
911
916
294
193
238
176
234
609
957
198
53
350
322
312
639
936
875
736
464
147
315
580
583
886
815
807
68
135
652
265
544
481
748
191
599
274
264
828
239
335
896
466
650
634
788
795
552
963
492
670
760
545
363
969
210
25
492
783
140
184
128
561
126
410
990
95
456
595
643
449
94
149
968
216
704
343
65
209
634
767
582
112
557
589
907
274
989
255
389
189
789
976
508
598
230
688
902
40
823
678
531
81
469
509
876
86
24
80
987
265
166
241
160
412
272
895
273
511
703
807
850
90
585
522
455
397
910
240
798
539
726
905
236
258
0
470
478
936
50
812
716
127
745
911
661
143
45
338
725
79
63
77
729
263
772
177
343
860
134
398
770
498
278
230
363
375
112
501
364
383
26
681
634
60
909
161
206
999
648
943
507
36
163
466
324
494
447
724
656
174
723
469
423
68
857
933
910
156
518
837
849
83
734
584
35
520
978
540
682
706
733
321
225
653
767
740
714
432
