853
299
803
231
223
435
823
859
9
131
105
223
615
917
615
535
23
417
543
479
835
893
55
107
545
989
695
261
575
61
169
97
329
967
369
537
917
743
929
71
883
773
569
353
605
305
123
663
893
485
467
377
217
677
607
889
465
903
789
177
823
389
963
697
847
797
711
81
617
275
97
451
561
527
481
809
885
165
351
481
793
925
411
745
365
801
987
653
305
357
345
893
909
685
23
613
211
555
153
815
943
147
877
649
591
803
381
927
7
765
385
731
401
281
497
415
237
65
863
757
723
813
405
497
339
757
649
283
337
753
283
321
37
833
163
561
601
969
957
323
393
387
433
465
1
71
723
119
617
713
555
747
633
875
277
983
899
985
371
859
649
971
885
125
365
29
259
565
533
323
597
255
71
719
135
577
259
261
651
53
851
937
53
965
931
689
67
9
921
157
511
269
365
431
417
317
783
181
125
209
465
143
505
575
305
565
417
861
189
673
297
263
403
129
761
403
429
465
113
891
951
239
161
667
125
321
197
491
839
649
197
349
559
303
103
447
167
465
531
367
157
227
987
417
25
875
317
583
201
483
871
27
251
307
605
903
139
769
885
139
35
307
823
419
741
513
689
969
79
129
421
21
449
741
13
21
227
789
345
197
123
935
261
979
277
705
469
553
789
891
523
97
357
527
741
3
511
7
269
347
877
385
905
397
387
737
343
407
541
397
137
287
633
229
365
163
3
137
587
57
653
107
573
989
227
965
331
161
457
181
125
545
409
357
123
81
923
87
743
625
445
615
717
73
59
615
89
387
863
633
577
629
495
509
575
715
535
537
127
959
421
797
255
705
7
931
881
157
837
243
417
121
63
715
573
881
909
721
973
997
365
367
921
783
301
9
837
507
637
919
671
623
51
895
123
381
933
497
943
387
443
31
389
759
523
247
711
459
3
363
277
383
675
911
347
259
153
859
195
427
661
465
301
733
461
895
315
47
703
123
53
499
833
65
621
521
553
809
935
917
231
45
941
845
277
607
93
363
217
479
327
29
337
855
853
513
975
449
591
57
349
347
443
717
869
95
595
373
857
239
381
211
587
797
3
153
565
547
817
243
209
507
67
995
563
763
747
581
437
593
171
393
91
353
95
877
685
285
603
489
833
31
713
171
701
73
771
229
349
211
317
723
155
799
345
601
281
727
795
671
571
311
743
359
935
455
85
509
53
739
743
609
949
153
685
793
295
263
383
183
691
669
339
691
65
737
55
649
595
907
325
979
329
377
445
717
233
919
219
727
875
783
597
193
611
93
9
813
897
691
655
101
295
333
529
919
73
723
521
17
79
477
935
907
661
439
213
471
223
655
233
681
71
585
879
629
617
315
173
719
211
269
813
125
237
949
45
899
215
997
437
915
295
153
593
857
303
209
705
433
253
347
979
325
993
779
931
413
471
465
985
763
805
529
133
465
975
53
815
15
429
93
717
669
159
615
265
291
153
131
383
221
317
709
475
841
533
879
523
399
277
585
133
287
61
381
69
669
159
519
503
99
55
633
561
993
435
331
843
441
673
315
27
177
705
27
997
717
877
279
785
619
673
617
319
823
929
381
873
657
523
909
413
165
785
913
165
467
783
477
429
815
553
555
763
1
815
969
683
453
9
561
813
629
415
449
401
239
301
547
227
261
631
671
749
445
641
493
321
605
279
929
611
879
717
981
383
323
123
379
257
119
761
753
329
383
349
983
583
107
237
917
73
151
601
947
795
749
5
355
157
609
229
301
467
369
69
859
689
251
441
813
991
213
835
285
99
527
487
687
329
875
785
539
35
609
31
213
679
59
493
887
671
189
829
851
53
789
425
443
907
665
141
139
167
989
901
187
69
205
469
567
415
59
229
735
551
991
469
729
745
653
627
663
329
583
97
509
189
455
997
955
49
569
803
895
367
839
547
795
737
83
985
895
245
969
175
301
229
501
959
35
465
23
669
787
809
155
639
481
673
25
573
973
745
979
57
469
701
859
691
327
937
351
31
51
527
53
781
869
993
939
469
491
387
721
801
471
937
805
619
9
51
893
77
957
883
215
377
225
941
683
979
583
943
305
921
559
45
853
143
357
627
337
223
185
143
953
109
707
197
795
251
929
679
755
249
491
149
41
83
7
331
579
983
249
79
147
423
699
1
223
761
227
253
519
903
763
971
891
963
871
879
541
753
343
695
489
153
641
505
481
313
391
997
343
685
277
61
773
131
639
231
863
455
685
339
469
411
923
411
195
51
229
825
129
689
377
567
83
959
379
925
107
3
263
71
85
875
279
531
149
51
593
879
623
319
913
689
967
711
785
637
895
593
397
225
119
225
89
413
201
925
605
495
21
907
917
437
627
313
413
827
331
225
103
289
959
833
301
303
275
381
911
659
343
91
483
469
669
507
467
973
625
201
291
127
579
537
885
333
157
35
741
903
817
37
103
197
269
113
271
711
93
227
169
525
401
927
243
467
711
243
473
505
207
521
963
173
705
711
349
89
267
29
405
461
257
997
175
233
489
63
851
675
519
59
227
119
253
797
777
229
55
733
321
81
413
311
543
151
789
705
793
863
475
265
949
261
39
959
331
489
939
671
901
897
853
799
185
517
509
761
391
615
449
987
803
779
75
215
907
283
799
215
309
139
277
747
371
659
201
129
935
483
907
651
275
665
5
11
319
145
257
235
489
109
61
71
139
61
687
185
871
193
795
595
375
377
189
835
181
927
837
693
101
811
139
63
559
911
241
789
589
943
561
763
15
87
963
783
357
181
905
367
689
415
973
531
571
837
429
57
975
885
893
721
391
533
37
905
569
641
181
699
547
503
379
171
137
719
607
717
631
527
575
595
835
527
551
521
179
333
789
535
273
269
857
977
631
819
539
511
235
787
495
859
705
273
683
831
289
707
827
961
495
199
905
557
61
549
631
821
265
705
793
123
599
647
377
851
369
681
605
675
95
519
671
691
267
965
77
183
691
389
549
455
611
897
919
865
125
309
77
377
717
537
431
813
717
109
931
593
617
435
373
167
873
453
539
227
63
31
5
141
303
49
487
761
787
193
67
573
827
603
605
641
53
761
459
719
603
937
431
379
721
887
541
737
757
133
265
549
717
343
925
847
967
327
373
265
401
515
947
851
631
959
435
561
157
55
911
677
45
591
853
133
347
31
67
855
691
607
673
187
65
825
35
93
539
341
317
671
965
285
921
671
441
105
867
225
331
673
79
231
125
727
995
697
21
537
503
347
927
767
101
723
825
259
465
39
675
911
291
143
229
81
185
63
741
75
231
403
179
341
99
745
927
773
523
415
333
319
233
225
23
19
251
889
505
235
181
575
589
493
743
429
65
129
423
253
785
753
473
283
867
875
171
817
73
109
979
431
705
877
905
635
863
89
713
575
599
925
477
189
539
45
61
699
87
415
341
57
591
177
163
795
75
701
945
333
291
461
629
627
315
269
93
23
921
91
867
875
743
173
647
675
23
351
67
263
299
285
199
287
633
483
495
841
525
879
953
159
123
357
217
599
293
793
879
323
157
481
405
551
393
921
193
179
527
955
419
761
857
745
653
459
653
305
561
745
173
779
961
1
747
343
243
367
255
161
821
595
11
7
465
995
719
737
647
115
95
933
831
881
637
797
653
407
581
571
279
705
485
305
503
103
693
185
63
223
519
727
743
529
793
673
333
995
241
285
389
109
499
421
209
655
821
559
109
817
587
203
933
461
847
887
63
659
623
495
69
261
495
753
957
37
27
85
173
691
531
547
245
79
847
733
397
419
633
959
903
595
111
647
901
203
77
101
103
607
327
647
705
875
845
103
575
701
321
355
259
937
907
67
399
247
721
147
793
681
275
711
327
333
209
985
963
597
815
801
509
417
369
561
617
317
541
637
955
801
429
41
811
185
801
781
765
913
5
727
269
885
671
85
651
717
885
185
713
967
645
981
871
209
149
915
63
649
355
133
361
731
207
959
567
423
727
267
13
119
31
115
899
285
571
277
121
915
711
163
159
531
83
573
607
249
273
151
85
703
465
177
235
117
13
365
223
229
93
201
655
849
601
3
509
597
147
183
55
283
427
759
777
153
139
899
465
63
583
709
493
693
293
229
911
623
63
951
491
565
447
995
271
73
581
813
81
545
291
279
607
135
285
159
23
949
149
237
847
905
583
347
813
447
535
809
867
21
815
991
449
875
591
157
113
723
195
825
473
771
865
999
403
437
519
313
601
541
689
331
837
701
391
773
651
251
37
885
591
267
43
323
181
509
89
801
149
717
607
465
927
21
763
179
329
51
121
769
821
999
375
151
123
915
515
973
721
859
409
597
809
849
63
741
403
417
797
297
925
493
501
421
143
863
37
207
991
125
251
337
799
977
989
893
243
611
259
13
807
639
559
621
883
891
753
995
961
111
211
299
67
309
925
611
601
673
63
23
441
283
985
11
103
261
465
669
735
73
463
57
115
509
843
389
859
551
15
815
631
751
819
329
725
763
349
555
205
705
65
343
105
513
27
779
813
783
263
429
15
547
567
725
13
245
41
137
771
963
365
535
755
851
71
465
403
891
781
847
523
205
929
607
543
527
955
917
143
847
533
677
823
701
133
923
53
611
519
489
189
365
827
989
479
821
15
127
61
721
173
561
165
547
331
985
291
263
579
619
711
109
189
723
579
949
841
899
441
623
571
333
763
285
843
99
135
509
481
699
465
443
957
65
401
905
815
473
25
137
187
85
481
297
787
625
519
175
237
715
447
753
365
105
219
935
325
255
105
475
939
331
141
369
325
937
279
357
29
247
469
55
849
973
245
729
463
677
223
85
45
967
525
367
27
109
943
891
629
993
871
369
221
481
749
805
245
507
743
933
861
397
197
669
229
497
331
793
899
899
187
271
865
541
451
817
375
867
309
15
789
263
871
911
251
159
783
437
413
31
513
821
493
219
453
131
151
33
109
703
165
871
341
999
591
983
593
893
495
745
117
321
11
261
271
655
521
317
545
505
867
65
607
205
389
389
267
97
381
327
701
129
61
485
665
747
319
625
737
59
269
307
581
605
355
291
149
547
961
361
23
773
867
587
875
297
145
777
513
687
623
45
567
559
285
785
265
815
679
69
115
507
191
495
275
135
539
121
899
827
19
939
145
553
573
637
517
911
689
431
919
465
529
623
853
959
55
107
763
803
133
489
481
339
425
369
643
347
329
137
209
629
391
395
793
991
147
193
723
553
23
361
193
465
121
259
29
635
361
863
297
491
751
667
159
387
939
841
767
73
947
557
571
459
513
9
243
959
625
387
697
895
879
297
133
959
67
757
301
181
405
701
743
741
713
171
31
897
475
189
719
865
845
715
499
345
337
911
193
609
957
53
639
875
147
315
583
815
807
135
265
481
191
599
239
335
795
963
545
363
969
25
783
561
95
595
643
449
149
343
65
209
767
557
589
907
989
255
389
189
789
823
531
81
469
509
987
265
241
895
273
511
703
807
585
455
397
539
905
127
745
911
661
143
45
725
79
63
77
729
263
177
343
363
375
501
383
681
909
161
999
943
507
163
447
723
469
423
857
933
837
849
83
35
733
321
225
653
767
